10-18,MIA-BKN,62-86,Preseason,
16-24,12-20,25-23,9-19,
MIA
Chris Bosh,,30,5,11,0.455,0,1,0.000,6,10,0.600,4,5,9,1,3,1,0,4,16,0
Eric Griffin,,12,2,3,0.667,0,0,0.000,1,6,0.167,2,1,3,0,0,0,0,1,5,0
James Jones,,39,1,6,0.167,1,5,0.200,0,0,0.000,0,2,2,2,2,0,0,4,3,0
Jarvis Varnado,,12,0,4,0.000,0,0,0.000,0,0,0.000,2,0,2,0,0,1,1,0,0,0
Joel Anthony,,16,1,1,1.000,0,0,0.000,0,2,0.000,1,0,1,0,1,2,2,2,2,0
Justin Hamilton,,2,1,1,1.000,0,0,0.000,0,0,0.000,1,0,1,0,0,0,0,1,2,0
LeBron James,,28,7,15,0.467,1,3,0.333,1,4,0.250,0,5,5,4,1,0,3,0,16,0
Mario Chalmers,,27,2,8,0.250,1,2,0.500,4,8,0.500,0,2,2,4,5,0,3,4,9,0
Norris Cole,,21,1,9,0.111,1,2,0.500,2,4,0.500,0,2,2,1,2,0,2,1,5,0
Roger Mason Jr.,,32,1,6,0.167,1,3,0.333,1,1,1.000,1,1,2,2,0,0,3,2,4,0
Shane Battier,,22,0,2,0.000,0,1,0.000,0,0,0.000,0,2,2,1,1,0,0,4,0,0
BKN
Alan Anderson,,19,4,7,0.571,2,3,0.667,2,2,1.000,2,1,3,0,1,0,2,1,12,0
Andray Blatche,,23,5,10,0.500,0,1,0.000,0,0,0.000,0,7,7,1,0,0,2,4,10,0
Brook Lopez,,24,6,8,0.750,0,0,0.000,2,6,0.333,3,2,5,1,2,1,3,3,14,0
Chris Johnson,,16,0,3,0.000,0,3,0.000,0,0,0.000,1,0,1,0,2,0,0,4,0,0
Gary Forbes,,8,3,4,0.750,3,3,1.000,0,0,0.000,0,1,1,1,1,0,0,0,9,0
Joe Johnson,,26,3,7,0.429,1,4,0.250,3,3,1.000,1,4,5,3,1,0,1,2,10,0
Jorge Gutierrez,,8,0,1,0.000,0,1,0.000,0,0,0.000,0,1,1,2,1,0,2,1,0,0
Kevin Garnett,,10,1,2,0.500,0,0,0.000,0,0,0.000,0,1,1,0,0,0,1,1,2,0
Mason Plumlee,,24,3,7,0.429,0,0,0.000,2,2,1.000,4,4,8,3,1,1,3,0,8,0
Mirza Teletovic,,19,1,8,0.125,0,6,0.000,0,0,0.000,0,2,2,2,0,0,2,2,2,0
Paul Pierce,,26,2,8,0.250,1,7,0.143,1,1,1.000,0,6,6,7,0,0,5,4,6,0
Reggie Evans,,14,2,2,1.000,0,0,0.000,1,2,0.500,4,5,9,0,0,0,1,3,5,0
Shaun Livingston,,21,2,7,0.286,0,0,0.000,4,4,1.000,2,2,4,2,2,0,3,3,8,0
